38.0  0.2 ./app                           3
22.0  0.2 ./app                           3
19.0  0.2 ./app                           3
16.2  0.2 ./app                           3
15.0  0.2 ./app                           3
14.0  0.2 ./app                           3
13.4  0.2 ./app                           3
13.5  0.2 ./app                           3
12.2  0.2 ./app                           3
12.3  0.2 ./app                           3
12.2  0.2 ./app                           3
12.2  0.2 ./app                           3
12.0  0.2 ./app                           3
11.9  0.2 ./app                           3
11.9  0.2 ./app                           3
11.8  0.2 ./app                           3
11.8  0.2 ./app                           3
11.7  0.2 ./app                           3
11.6  0.2 ./app                           3
11.6  0.2 ./app                           3
11.5  0.2 ./app                           3
11.6  0.2 ./app                           3
11.6  0.2 ./app                           3
11.6  0.2 ./app                           3
11.6  0.2 ./app                           3
11.6  0.2 ./app                           3
11.5  0.2 ./app                           3
11.5  0.2 ./app                           3
11.2  0.2 ./app                           3
11.2  0.2 ./app                           3
11.2  0.2 ./app                           3
11.2  0.2 ./app                           3
11.2  0.2 ./app                           3
11.2  0.2 ./app                           3
11.2  0.2 ./app                           3
11.2  0.2 ./app                           3
11.2  0.2 ./app                           3
11.1  0.2 ./app                           3
11.1  0.2 ./app                           3
11.1  0.2 ./app                           3
11.0  0.2 ./app                           3
11.0  0.2 ./app                           3
11.0  0.2 ./app                           3
11.0  0.2 ./app                           3
11.0  0.2 ./app                           3
11.0  0.2 ./app                           3
10.9  0.2 ./app                           3
10.7  0.2 ./app                           3
10.7  0.2 ./app                           3
10.7  0.2 ./app                           3
10.7  0.2 ./app                           3
10.6  0.2 ./app                           3
10.6  0.2 ./app                           3
10.6  0.2 ./app                           3
10.6  0.2 ./app                           3
10.6  0.2 ./app                           3
10.6  0.2 ./app                           3
10.5  0.2 ./app                           3
10.5  0.2 ./app                           3
10.5  0.2 ./app                           3
10.5  0.2 ./app                           3
10.5  0.2 ./app                           3
10.5  0.2 ./app                           3
10.5  0.2 ./app                           3
10.5  0.2 ./app                           3
10.5  0.2 ./app                           3
10.3  0.2 ./app                           3
10.3  0.2 ./app                           3
10.3  0.2 ./app                           3
10.3  0.2 ./app                           3
10.4  0.2 ./app                           3
10.4  0.2 ./app                           3
10.4  0.2 ./app                           3
10.4  0.2 ./app                           3
10.4  0.2 ./app                           3
10.5  0.2 ./app                           3
10.5  0.2 ./app                           3
10.5  0.2 ./app                           3
10.6  0.2 ./app                           3
10.6  0.2 ./app                           3
10.6  0.2 ./app                           3
10.7  0.2 ./app                           3
10.7  0.2 ./app                           3
10.7  0.2 ./app                           3
10.7  0.2 ./app                           3
10.6  0.2 ./app                           3
10.5  0.2 ./app                           3
10.4  0.2 ./app                           3
10.4  0.2 ./app                           3
10.4  0.2 ./app                           3
10.4  0.2 ./app                           3
10.4  0.2 ./app                           3
10.4  0.2 ./app                           3
10.4  0.2 ./app                           3
10.5  0.2 ./app                           3
10.5  0.2 ./app                           3
10.5  0.2 ./app                           3
10.6  0.2 ./app                           3
10.6  0.2 ./app                           3
10.6  0.2 ./app                           3
10.6  0.2 ./app                           3
10.6  0.2 ./app                           3
10.6  0.2 ./app                           3
10.6  0.2 ./app                           3
10.6  0.2 ./app                           3
10.5  0.2 ./app                           3
10.5  0.2 ./app                           3
10.5  0.2 ./app                           3
10.5  0.2 ./app                           3
10.5  0.2 ./app                           3
10.5  0.2 ./app                           3
10.5  0.2 ./app                           3
10.5  0.2 ./app                           3
10.5  0.2 ./app                           3
10.5  0.2 ./app                           3
10.5  0.2 ./app                           3
10.5  0.2 ./app                           3
10.5  0.2 ./app                           3
10.5  0.2 ./app                           3
10.5  0.2 ./app                           3
10.5  0.2 ./app                           3
10.5  0.2 ./app                           3
10.5  0.2 ./app                           3
10.5  0.2 ./app                           3
10.5  0.2 ./app                           3
10.5  0.2 ./app                           3
10.5  0.2 ./app                           3
10.5  0.2 ./app                           3
10.5  0.2 ./app                           3
10.5  0.2 ./app                           3
10.5  0.2 ./app                           3
10.5  0.2 ./app                           3
10.5  0.2 ./app                           3
10.5  0.2 ./app                           3
10.5  0.2 ./app                           3
10.5  0.2 ./app                           3
10.5  0.2 ./app                           3
10.5  0.2 ./app                           3
10.5  0.2 ./app                           3
10.5  0.2 ./app                           3
10.5  0.2 ./app                           3
10.5  0.2 ./app                           3
10.5  0.2 ./app                           3
10.5  0.2 ./app                           3
10.4  0.2 ./app                           3
10.4  0.2 ./app                           3
10.4  0.2 ./app                           3
10.4  0.2 ./app                           3
10.4  0.2 ./app                           3
10.4  0.2 ./app                           3
10.4  0.2 ./app                           3
10.4  0.2 ./app                           3
10.3  0.2 ./app                           3
10.3  0.2 ./app                           3
10.3  0.2 ./app                           3
10.3  0.2 ./app                           3
10.3  0.2 ./app                           3
10.3  0.2 ./app                           3
10.3  0.2 ./app                           3
10.3  0.2 ./app                           3
10.3  0.2 ./app                           3
10.3  0.2 ./app                           3
10.3  0.2 ./app                           3
10.3  0.2 ./app                           3
10.3  0.2 ./app                           3
10.3  0.2 ./app                           3
10.3  0.2 ./app                           3
10.3  0.2 ./app                           3
10.3  0.2 ./app                           3
10.2  0.2 ./app                           3
10.3  0.2 ./app                           3
10.3  0.2 ./app                           3
10.3  0.2 ./app                           3
10.3  0.2 ./app                           3
10.3  0.2 ./app                           3
10.3  0.2 ./app                           3
10.3  0.2 ./app                           3
10.3  0.2 ./app                           3
10.3  0.2 ./app                           3
10.4  0.2 ./app                           3
10.4  0.2 ./app                           3
10.4  0.2 ./app                           3
10.4  0.2 ./app                           3
10.4  0.2 ./app                           3
10.3  0.2 ./app                           3
10.3  0.2 ./app                           3
10.3  0.2 ./app                           3
10.3  0.2 ./app                           3
10.3  0.2 ./app                           3
10.3  0.2 ./app                           3
10.3  0.2 ./app                           3
10.3  0.2 ./app                           3
10.3  0.2 ./app                           3
10.3  0.2 ./app                           3
10.3  0.2 ./app                           3
10.3  0.2 ./app                           3
10.3  0.2 ./app                           3
10.3  0.2 ./app                           3
10.3  0.2 ./app                           3
10.3  0.2 ./app                           3
10.3  0.2 ./app                           3
10.3  0.2 ./app                           3
10.3  0.2 ./app                           3
10.3  0.2 ./app                           3
10.3  0.2 ./app                           3
10.3  0.2 ./app                           3
10.3  0.2 ./app                           3
10.3  0.2 ./app                           3
10.3  0.2 ./app                           3
10.3  0.2 ./app                           3
10.3  0.2 ./app                           3
10.3  0.2 ./app                           3
10.3  0.2 ./app                           3
10.3  0.2 ./app                           3
10.2  0.2 ./app                           3
10.2  0.2 ./app                           3
10.2  0.2 ./app                           3
10.2  0.2 ./app                           3
10.2  0.2 ./app                           3
10.2  0.2 ./app                           3
10.2  0.2 ./app                           3
10.2  0.2 ./app                           3
10.2  0.2 ./app                           3
10.2  0.2 ./app                           3
10.2  0.2 ./app                           3
10.2  0.2 ./app                           3
10.2  0.2 ./app                           3
10.2  0.2 ./app                           3
10.2  0.2 ./app                           3
10.2  0.2 ./app                           3
10.2  0.2 ./app                           3
10.2  0.2 ./app                           3
10.2  0.2 ./app                           3
10.2  0.2 ./app                           3
10.2  0.2 ./app                           3
10.3  0.2 ./app                           3
10.3  0.2 ./app                           3
10.3  0.2 ./app                           3
10.3  0.2 ./app                           3
10.3  0.2 ./app                           3
10.3  0.2 ./app                           3
10.3  0.2 ./app                           3
10.3  0.2 ./app                           3
10.3  0.2 ./app                           3
10.3  0.2 ./app                           3
10.3  0.2 ./app                           3
10.3  0.2 ./app                           3
10.3  0.2 ./app                           3
10.3  0.2 ./app                           3
10.3  0.2 ./app                           3
10.4  0.2 ./app                           3
10.4  0.2 ./app                           3
10.4  0.2 ./app                           3
10.4  0.2 ./app                           3
10.4  0.2 ./app                           3
10.4  0.2 ./app                           3
10.4  0.2 ./app                           3
10.4  0.2 ./app                           3
10.4  0.2 ./app                           3
10.4  0.2 ./app                           3
10.4  0.2 ./app                           3
10.3  0.2 ./app                           3
10.3  0.2 ./app                           3
10.3  0.2 ./app                           3
10.3  0.2 ./app                           3
10.3  0.2 ./app                           3
10.3  0.2 ./app                           3
10.3  0.2 ./app                           3
10.3  0.2 ./app                           3
10.3  0.2 ./app                           3
10.3  0.2 ./app                           3
10.3  0.2 ./app                           3
10.3  0.2 ./app                           3
10.3  0.2 ./app                           3
10.3  0.2 ./app                           3
10.3  0.2 ./app                           3
10.3  0.2 ./app                           3
10.3  0.2 ./app                           3
10.3  0.2 ./app                           3
10.3  0.2 ./app                           3
10.3  0.2 ./app                           3
10.2  0.2 ./app                           3
10.2  0.2 ./app                           3
10.2  0.2 ./app                           3
10.2  0.2 ./app                           3
10.2  0.2 ./app                           3
10.2  0.2 ./app                           3
10.2  0.2 ./app                           3
10.2  0.2 ./app                           3
10.2  0.2 ./app                           3
10.2  0.2 ./app                           3
10.2  0.2 ./app                           3
10.2  0.2 ./app                           3
10.2  0.2 ./app                           3
10.2  0.2 ./app                           3
10.2  0.2 ./app                           3
10.2  0.2 ./app                           3
10.2  0.2 ./app                           3
10.2  0.2 ./app                           3
10.2  0.2 ./app                           3
10.2  0.2 ./app                           3
10.2  0.2 ./app                           3
10.2  0.2 ./app                           3
10.2  0.2 ./app                           3
10.2  0.2 ./app                           3
10.2  0.2 ./app                           3
10.2  0.2 ./app                           3
10.2  0.2 ./app                           3
10.2  0.2 ./app                           3
10.2  0.2 ./app                           3
10.2  0.2 ./app                           3
10.2  0.2 ./app                           3
10.2  0.2 ./app                           3
10.2  0.2 ./app                           3
10.2  0.2 ./app                           3
10.2  0.2 ./app                           3
10.2  0.2 ./app                           3
10.2  0.2 ./app                           3
10.2  0.2 ./app                           3
10.2  0.2 ./app                           3
10.2  0.2 ./app                           3
10.2  0.2 ./app                           3
10.2  0.2 ./app                           3
10.1  0.2 ./app                           3
10.1  0.2 ./app                           3
10.1  0.2 ./app                           3
10.1  0.2 ./app                           3
10.1  0.2 ./app                           3
10.1  0.2 ./app                           3
10.1  0.2 ./app                           3
10.1  0.2 ./app                           3
10.1  0.2 ./app                           3
10.1  0.2 ./app                           3
10.1  0.2 ./app                           3
10.1  0.2 ./app                           3
10.1  0.2 ./app                           3
10.1  0.2 ./app                           3
10.2  0.2 ./app                           3
10.2  0.2 ./app                           3
10.1  0.2 ./app                           3
10.1  0.2 ./app                           3
10.1  0.2 ./app                           3
10.1  0.2 ./app                           3
10.1  0.2 ./app                           3
10.1  0.2 ./app                           3
10.1  0.2 ./app                           3
10.1  0.2 ./app                           3
10.1  0.2 ./app                           3
10.1  0.2 ./app                           3
10.1  0.2 ./app                           3
10.1  0.2 ./app                           3
10.1  0.2 ./app                           3
10.1  0.2 ./app                           3
10.1  0.2 ./app                           3
10.1  0.2 ./app                           3
10.1  0.2 ./app                           3
10.1  0.2 ./app                           3
10.1  0.2 ./app                           3
10.1  0.2 ./app                           3
10.1  0.2 ./app                           3
10.1  0.2 ./app                           3
10.1  0.2 ./app                           3
10.1  0.2 ./app                           3
10.1  0.2 ./app                           3
10.1  0.2 ./app                           3
10.1  0.2 ./app                           3
10.1  0.2 ./app                           3
10.1  0.2 ./app                           3
10.1  0.2 ./app                           3
10.1  0.2 ./app                           3
10.1  0.2 ./app                           3
10.2  0.2 ./app                           3
10.2  0.2 ./app                           3
10.2  0.2 ./app                           3
10.2  0.2 ./app                           3
10.2  0.2 ./app                           3
10.2  0.2 ./app                           3
10.2  0.2 ./app                           3
10.2  0.2 ./app                           3
10.2  0.2 ./app                           3
10.2  0.2 ./app                           3
10.2  0.2 ./app                           3
10.2  0.2 ./app                           3
10.3  0.2 ./app                           3
10.3  0.2 ./app                           3
10.3  0.2 ./app                           3
10.3  0.2 ./app                           3
10.3  0.2 ./app                           3
10.3  0.2 ./app                           3
10.3  0.2 ./app                           3
10.3  0.2 ./app                           3
10.3  0.2 ./app                           3
10.3  0.2 ./app                           3
10.4  0.2 ./app                           3
10.4  0.2 ./app                           3
10.4  0.2 ./app                           3
10.4  0.2 ./app                           3
10.4  0.2 ./app                           3
10.3  0.2 ./app                           3
10.3  0.2 ./app                           3
10.3  0.2 ./app                           3
10.3  0.2 ./app                           3
10.3  0.2 ./app                           3
10.3  0.2 ./app                           3
10.3  0.2 ./app                           3
10.3  0.2 ./app                           3
10.3  0.2 ./app                           3
10.3  0.2 ./app                           3
10.3  0.2 ./app                           3
10.3  0.2 ./app                           3
10.3  0.2 ./app                           3
10.3  0.2 ./app                           3
10.3  0.2 ./app                           3
10.3  0.2 ./app                           3
10.3  0.2 ./app                           3
10.3  0.2 ./app                           3
10.3  0.2 ./app                           3
10.3  0.2 ./app                           3
10.3  0.2 ./app                           3
10.3  0.2 ./app                           3
10.3  0.2 ./app                           3
10.3  0.2 ./app                           3
10.3  0.2 ./app                           3
10.3  0.2 ./app                           3
10.3  0.2 ./app                           3
10.3  0.2 ./app                           3
10.3  0.2 ./app                           3
10.3  0.2 ./app                           3
10.3  0.2 ./app                           3
10.3  0.2 ./app                           3
10.3  0.2 ./app                           3
10.3  0.2 ./app                           3
10.3  0.2 ./app                           3
10.3  0.2 ./app                           3
10.3  0.2 ./app                           3
10.3  0.2 ./app                           3
10.3  0.2 ./app                           3
10.3  0.2 ./app                           3
10.3  0.2 ./app                           3
10.3  0.2 ./app                           3
10.3  0.2 ./app                           3
10.3  0.2 ./app                           3
10.3  0.2 ./app                           3
10.3  0.2 ./app                           3
10.3  0.2 ./app                           3
10.3  0.2 ./app                           3
10.3  0.2 ./app                           3
10.3  0.2 ./app                           3
10.3  0.2 ./app                           3
10.3  0.2 ./app                           3
10.3  0.2 ./app                           3
10.3  0.2 ./app                           3
10.3  0.2 ./app                           3
10.3  0.2 ./app                           3
10.3  0.2 ./app                           3
10.3  0.2 ./app                           3
10.4  0.2 ./app                           3
10.3  0.2 ./app                           3
10.3  0.2 ./app                           3
10.3  0.2 ./app                           3
10.3  0.2 ./app                           3
10.3  0.2 ./app                           3
10.4  0.2 ./app                           3
10.4  0.2 ./app                           3
10.4  0.2 ./app                           3
10.4  0.2 ./app                           3
10.4  0.2 ./app                           3
10.4  0.2 ./app                           3
10.4  0.2 ./app                           3
10.4  0.2 ./app                           3
10.4  0.2 ./app                           3
10.4  0.2 ./app                           3
10.4  0.2 ./app                           3
10.4  0.2 ./app                           3
10.4  0.2 ./app                           3
10.4  0.2 ./app                           3
10.4  0.2 ./app                           3
10.4  0.2 ./app                           3
10.4  0.2 ./app                           3
10.4  0.2 ./app                           3
10.4  0.2 ./app                           3
10.4  0.2 ./app                           3
10.4  0.2 ./app                           3
10.4  0.2 ./app                           3
10.4  0.2 ./app                           3
10.4  0.2 ./app                           3
10.4  0.2 ./app                           3
10.4  0.2 ./app                           3
10.4  0.2 ./app                           3
10.4  0.2 ./app                           3
10.4  0.2 ./app                           3
10.4  0.2 ./app                           3
10.4  0.2 ./app                           3
10.4  0.2 ./app                           3
10.4  0.2 ./app                           3
10.4  0.2 ./app                           3
10.4  0.2 ./app                           3
10.4  0.2 ./app                           3
10.4  0.2 ./app                           3
10.4  0.2 ./app                           3
10.4  0.2 ./app                           3
10.4  0.2 ./app                           3
10.4  0.2 ./app                           3
10.4  0.2 ./app                           3
10.4  0.2 ./app                           3
10.4  0.2 ./app                           3
10.4  0.2 ./app                           3
10.4  0.2 ./app                           3
10.4  0.2 ./app                           3
10.4  0.2 ./app                           3
10.4  0.2 ./app                           3
10.4  0.2 ./app                           3
10.4  0.2 ./app                           3
10.4  0.2 ./app                           3
10.3  0.2 ./app                           3
10.3  0.2 ./app                           3
10.3  0.2 ./app                           3
10.3  0.2 ./app                           3
10.3  0.2 ./app                           3
10.3  0.2 ./app                           3
10.3  0.2 ./app                           3
10.3  0.2 ./app                           3
10.3  0.2 ./app                           3
10.3  0.2 ./app                           3
10.3  0.2 ./app                           3
10.3  0.2 ./app                           3
10.3  0.2 ./app                           3
10.3  0.2 ./app                           3
10.3  0.2 ./app                           3
10.4  0.2 ./app                           3
10.4  0.2 ./app                           3
10.4  0.2 ./app                           3
10.4  0.2 ./app                           3
10.3  0.2 ./app                           3
10.3  0.2 ./app                           3
10.3  0.2 ./app                           3
10.4  0.2 ./app                           3
10.4  0.2 ./app                           3
10.4  0.2 ./app                           3
10.4  0.2 ./app                           3
10.4  0.2 ./app                           3
10.4  0.2 ./app                           3
10.4  0.2 ./app                           3
10.4  0.2 ./app                           3
10.4  0.2 ./app                           3
10.4  0.2 ./app                           3
10.4  0.2 ./app                           3
10.4  0.2 ./app                           3
10.4  0.2 ./app                           3
10.4  0.2 ./app                           3
10.4  0.2 ./app                           3
10.4  0.2 ./app                           3
10.4  0.2 ./app                           3
10.4  0.2 ./app                           3
10.4  0.2 ./app                           3
10.4  0.2 ./app                           3
10.4  0.2 ./app                           3
10.4  0.2 ./app                           3
10.4  0.2 ./app                           3
10.4  0.2 ./app                           3
10.4  0.2 ./app                           3
10.4  0.2 ./app                           3
10.4  0.2 ./app                           3
10.4  0.2 ./app                           3
10.4  0.2 ./app                           3
10.4  0.2 ./app                           3
10.4  0.2 ./app                           3
10.4  0.2 ./app                           3
10.4  0.2 ./app                           3
10.3  0.2 ./app                           3
10.3  0.2 ./app                           3
10.3  0.2 ./app                           3
10.3  0.2 ./app                           3
10.3  0.2 ./app                           3
10.3  0.2 ./app                           3
10.3  0.2 ./app                           3
10.3  0.2 ./app                           3
10.3  0.2 ./app                           3
10.3  0.2 ./app                           3
10.3  0.2 ./app                           3
10.3  0.2 ./app                           3
10.3  0.2 ./app                           3
10.3  0.2 ./app                           3
10.3  0.2 ./app                           3
10.3  0.2 ./app                           3
10.3  0.2 ./app                           3
10.3  0.2 ./app                           3
10.3  0.2 ./app                           3
10.3  0.2 ./app                           3
10.3  0.2 ./app                           3
10.3  0.2 ./app                           3
10.3  0.2 ./app                           3
10.3  0.2 ./app                           3
10.3  0.2 ./app                           3
10.3  0.2 ./app                           3
10.3  0.2 ./app                           3
10.3  0.2 ./app                           3
10.3  0.2 ./app                           3
10.3  0.2 ./app                           3
10.3  0.2 ./app                           3
10.3  0.2 ./app                           3
10.3  0.2 ./app                           3
10.3  0.2 ./app                           3
10.3  0.2 ./app                           3
10.3  0.2 ./app                           3
10.3  0.2 ./app                           3
10.3  0.2 ./app                           3
10.3  0.2 ./app                           3
10.3  0.2 ./app                           3
10.3  0.2 ./app                           3
10.2  0.2 ./app                           3
10.2  0.2 ./app                           3
10.2  0.2 ./app                           3
10.2  0.2 ./app                           3
10.2  0.2 ./app                           3
10.2  0.2 ./app                           3
10.2  0.2 ./app                           3
10.2  0.2 ./app                           3
10.2  0.2 ./app                           3
10.2  0.2 ./app                           3
10.2  0.2 ./app                           3
10.2  0.2 ./app                           3
10.2  0.2 ./app                           3
10.2  0.2 ./app                           3
10.2  0.2 ./app                           3
10.2  0.2 ./app                           3
10.2  0.2 ./app                           3
10.2  0.2 ./app                           3
10.2  0.2 ./app                           3
10.2  0.2 ./app                           3
10.2  0.2 ./app                           3
10.2  0.2 ./app                           3
10.2  0.2 ./app                           3
10.2  0.2 ./app                           3
10.2  0.2 ./app                           3
10.2  0.2 ./app                           3
10.2  0.2 ./app                           3
10.2  0.2 ./app                           3
10.3  0.2 ./app                           3
10.3  0.2 ./app                           3
10.3  0.2 ./app                           3
10.3  0.2 ./app                           3
10.3  0.2 ./app                           3
