38.0  0.2 ./app                           4
22.5  0.2 ./app                           4
18.3  0.2 ./app                           4
15.7  0.2 ./app                           4
14.4  0.2 ./app                           4
13.6  0.2 ./app                           4
13.0  0.2 ./app                           4
12.5  0.2 ./app                           4
12.2  0.2 ./app                           4
11.9  0.2 ./app                           4
11.7  0.2 ./app                           4
11.6  0.2 ./app                           4
11.5  0.2 ./app                           4
11.4  0.2 ./app                           4
11.4  0.2 ./app                           4
11.3  0.2 ./app                           4
11.2  0.2 ./app                           4
11.2  0.2 ./app                           4
11.2  0.2 ./app                           4
11.2  0.2 ./app                           4
11.2  0.2 ./app                           4
11.3  0.2 ./app                           4
11.3  0.2 ./app                           4
11.2  0.2 ./app                           4
11.2  0.2 ./app                           4
11.2  0.2 ./app                           4
11.2  0.2 ./app                           4
11.2  0.2 ./app                           4
11.2  0.2 ./app                           4
11.1  0.2 ./app                           4
11.0  0.2 ./app                           4
11.0  0.2 ./app                           4
11.0  0.2 ./app                           4
10.6  0.2 ./app                           4
10.6  0.2 ./app                           4
10.6  0.2 ./app                           4
10.6  0.2 ./app                           4
10.6  0.2 ./app                           4
10.6  0.2 ./app                           4
10.6  0.2 ./app                           4
10.6  0.2 ./app                           4
10.5  0.2 ./app                           4
10.5  0.2 ./app                           4
10.5  0.2 ./app                           4
10.5  0.2 ./app                           4
10.5  0.2 ./app                           4
10.6  0.2 ./app                           4
10.6  0.2 ./app                           4
10.7  0.2 ./app                           4
10.6  0.2 ./app                           4
10.7  0.2 ./app                           4
10.7  0.2 ./app                           4
10.7  0.2 ./app                           4
10.7  0.2 ./app                           4
10.7  0.2 ./app                           4
10.7  0.2 ./app                           4
10.7  0.2 ./app                           4
10.7  0.2 ./app                           4
10.7  0.2 ./app                           4
10.7  0.2 ./app                           4
10.7  0.2 ./app                           4
10.7  0.2 ./app                           4
10.7  0.2 ./app                           4
10.7  0.2 ./app                           4
10.7  0.2 ./app                           4
10.7  0.2 ./app                           4
10.7  0.2 ./app                           4
10.8  0.2 ./app                           4
10.8  0.2 ./app                           4
10.8  0.2 ./app                           4
10.8  0.2 ./app                           4
10.8  0.2 ./app                           4
10.9  0.2 ./app                           4
10.9  0.2 ./app                           4
10.9  0.2 ./app                           4
10.9  0.2 ./app                           4
10.7  0.2 ./app                           4
10.7  0.2 ./app                           4
10.7  0.2 ./app                           4
10.7  0.2 ./app                           4
10.7  0.2 ./app                           4
10.8  0.2 ./app                           4
10.8  0.2 ./app                           4
10.8  0.2 ./app                           4
10.8  0.2 ./app                           4
10.8  0.2 ./app                           4
10.8  0.2 ./app                           4
10.8  0.2 ./app                           4
11.0  0.2 ./app                           4
11.6  0.2 ./app                           4
12.1  0.2 ./app                           4
12.7  0.2 ./app                           4
13.3  0.2 ./app                           4
13.7  0.2 ./app                           4
13.6  0.2 ./app                           4
13.6  0.2 ./app                           4
13.5  0.2 ./app                           4
13.5  0.2 ./app                           4
13.5  0.2 ./app                           4
13.4  0.2 ./app                           4
13.4  0.2 ./app                           4
13.4  0.2 ./app                           4
13.3  0.2 ./app                           4
13.3  0.2 ./app                           4
13.3  0.2 ./app                           4
13.3  0.2 ./app                           4
13.2  0.2 ./app                           4
13.2  0.2 ./app                           4
13.2  0.2 ./app                           4
13.1  0.2 ./app                           4
13.1  0.2 ./app                           4
13.1  0.2 ./app                           4
13.0  0.2 ./app                           4
12.9  0.2 ./app                           4
12.9  0.2 ./app                           4
12.8  0.2 ./app                           4
12.8  0.2 ./app                           4
12.8  0.2 ./app                           4
12.8  0.2 ./app                           4
12.7  0.2 ./app                           4
12.7  0.2 ./app                           4
12.7  0.2 ./app                           4
12.7  0.2 ./app                           4
12.7  0.2 ./app                           4
12.6  0.2 ./app                           4
12.6  0.2 ./app                           4
12.6  0.2 ./app                           4
12.6  0.2 ./app                           4
12.5  0.2 ./app                           4
12.5  0.2 ./app                           4
12.5  0.2 ./app                           4
12.5  0.2 ./app                           4
12.5  0.2 ./app                           4
12.5  0.2 ./app                           4
12.5  0.2 ./app                           4
12.4  0.2 ./app                           4
12.4  0.2 ./app                           4
12.4  0.2 ./app                           4
12.4  0.2 ./app                           4
12.4  0.2 ./app                           4
12.4  0.2 ./app                           4
12.4  0.2 ./app                           4
12.4  0.2 ./app                           4
12.4  0.2 ./app                           4
12.3  0.2 ./app                           4
12.3  0.2 ./app                           4
12.3  0.2 ./app                           4
12.3  0.2 ./app                           4
12.3  0.2 ./app                           4
12.2  0.2 ./app                           4
12.2  0.2 ./app                           4
12.2  0.2 ./app                           4
12.2  0.2 ./app                           4
12.2  0.2 ./app                           4
12.1  0.2 ./app                           4
12.1  0.2 ./app                           4
12.1  0.2 ./app                           4
12.1  0.2 ./app                           4
12.1  0.2 ./app                           4
12.0  0.2 ./app                           4
12.0  0.2 ./app                           4
12.0  0.2 ./app                           4
12.0  0.2 ./app                           4
12.0  0.2 ./app                           4
12.0  0.2 ./app                           4
12.0  0.2 ./app                           4
11.9  0.2 ./app                           4
11.9  0.2 ./app                           4
11.9  0.2 ./app                           4
11.9  0.2 ./app                           4
11.9  0.2 ./app                           4
11.9  0.2 ./app                           4
11.9  0.2 ./app                           4
11.9  0.2 ./app                           4
11.8  0.2 ./app                           4
11.8  0.2 ./app                           4
11.8  0.2 ./app                           4
11.8  0.2 ./app                           4
11.8  0.2 ./app                           4
11.8  0.2 ./app                           4
11.8  0.2 ./app                           4
11.8  0.2 ./app                           4
11.8  0.2 ./app                           4
11.8  0.2 ./app                           4
11.8  0.2 ./app                           4
11.8  0.2 ./app                           4
11.7  0.2 ./app                           4
11.7  0.2 ./app                           4
11.7  0.2 ./app                           4
11.7  0.2 ./app                           4
11.7  0.2 ./app                           4
11.7  0.2 ./app                           4
11.7  0.2 ./app                           4
11.7  0.2 ./app                           4
11.7  0.2 ./app                           4
11.6  0.2 ./app                           4
11.6  0.2 ./app                           4
11.6  0.2 ./app                           4
11.6  0.2 ./app                           4
11.6  0.2 ./app                           4
11.6  0.2 ./app                           4
11.6  0.2 ./app                           4
11.6  0.2 ./app                           4
11.6  0.2 ./app                           4
11.6  0.2 ./app                           4
11.6  0.2 ./app                           4
11.6  0.2 ./app                           4
11.6  0.2 ./app                           4
11.5  0.2 ./app                           4
11.5  0.2 ./app                           4
11.5  0.2 ./app                           4
11.5  0.2 ./app                           4
11.5  0.2 ./app                           4
11.5  0.2 ./app                           4
11.5  0.2 ./app                           4
11.5  0.2 ./app                           4
11.5  0.2 ./app                           4
11.5  0.2 ./app                           4
11.5  0.2 ./app                           4
11.5  0.2 ./app                           4
11.5  0.2 ./app                           4
11.4  0.2 ./app                           4
11.4  0.2 ./app                           4
11.4  0.2 ./app                           4
11.4  0.2 ./app                           4
11.4  0.2 ./app                           4
11.4  0.2 ./app                           4
11.4  0.2 ./app                           4
11.4  0.2 ./app                           4
11.4  0.2 ./app                           4
11.4  0.2 ./app                           4
11.4  0.2 ./app                           4
11.4  0.2 ./app                           4
11.4  0.2 ./app                           4
11.4  0.2 ./app                           4
11.4  0.2 ./app                           4
11.4  0.2 ./app                           4
11.3  0.2 ./app                           4
11.3  0.2 ./app                           4
11.3  0.2 ./app                           4
11.3  0.2 ./app                           4
11.3  0.2 ./app                           4
11.3  0.2 ./app                           4
11.3  0.2 ./app                           4
11.3  0.2 ./app                           4
11.3  0.2 ./app                           4
11.3  0.2 ./app                           4
11.2  0.2 ./app                           4
11.2  0.2 ./app                           4
11.2  0.2 ./app                           4
11.2  0.2 ./app                           4
11.2  0.2 ./app                           4
11.2  0.2 ./app                           4
11.2  0.2 ./app                           4
11.2  0.2 ./app                           4
11.2  0.2 ./app                           4
11.2  0.2 ./app                           4
11.2  0.2 ./app                           4
11.2  0.2 ./app                           4
11.2  0.2 ./app                           4
11.2  0.2 ./app                           4
11.2  0.2 ./app                           4
11.2  0.2 ./app                           4
11.2  0.2 ./app                           4
11.2  0.2 ./app                           4
11.2  0.2 ./app                           4
11.1  0.2 ./app                           4
11.1  0.2 ./app                           4
11.1  0.2 ./app                           4
11.1  0.2 ./app                           4
11.1  0.2 ./app                           4
11.1  0.2 ./app                           4
11.1  0.2 ./app                           4
11.1  0.2 ./app                           4
11.1  0.2 ./app                           4
11.1  0.2 ./app                           4
11.1  0.2 ./app                           4
11.1  0.2 ./app                           4
11.1  0.2 ./app                           4
11.1  0.2 ./app                           4
11.1  0.2 ./app                           4
11.1  0.2 ./app                           4
11.1  0.2 ./app                           4
11.1  0.2 ./app                           4
11.1  0.2 ./app                           4
11.1  0.2 ./app                           4
11.1  0.2 ./app                           4
11.1  0.2 ./app                           4
11.0  0.2 ./app                           4
11.0  0.2 ./app                           4
11.0  0.2 ./app                           4
11.0  0.2 ./app                           4
11.0  0.2 ./app                           4
11.0  0.2 ./app                           4
11.0  0.2 ./app                           4
11.0  0.2 ./app                           4
11.0  0.2 ./app                           4
11.0  0.2 ./app                           4
11.0  0.2 ./app                           4
11.0  0.2 ./app                           4
11.0  0.2 ./app                           4
11.0  0.2 ./app                           4
11.0  0.2 ./app                           4
11.0  0.2 ./app                           4
11.0  0.2 ./app                           4
11.0  0.2 ./app                           4
11.0  0.2 ./app                           4
11.0  0.2 ./app                           4
11.0  0.2 ./app                           4
11.0  0.2 ./app                           4
11.0  0.2 ./app                           4
11.0  0.2 ./app                           4
11.0  0.2 ./app                           4
11.0  0.2 ./app                           4
11.0  0.2 ./app                           4
11.0  0.2 ./app                           4
11.0  0.2 ./app                           4
11.0  0.2 ./app                           4
11.0  0.2 ./app                           4
11.0  0.2 ./app                           4
11.0  0.2 ./app                           4
10.9  0.2 ./app                           4
10.9  0.2 ./app                           4
10.9  0.2 ./app                           4
10.9  0.2 ./app                           4
10.9  0.2 ./app                           4
10.9  0.2 ./app                           4
10.9  0.2 ./app                           4
10.9  0.2 ./app                           4
10.9  0.2 ./app                           4
10.9  0.2 ./app                           4
10.9  0.2 ./app                           4
10.9  0.2 ./app                           4
10.9  0.2 ./app                           4
10.9  0.2 ./app                           4
10.9  0.2 ./app                           4
10.9  0.2 ./app                           4
10.9  0.2 ./app                           4
10.9  0.2 ./app                           4
10.9  0.2 ./app                           4
10.9  0.2 ./app                           4
10.9  0.2 ./app                           4
10.9  0.2 ./app                           4
10.9  0.2 ./app                           4
10.9  0.2 ./app                           4
10.9  0.2 ./app                           4
10.9  0.2 ./app                           4
10.9  0.2 ./app                           4
10.9  0.2 ./app                           4
10.9  0.2 ./app                           4
10.9  0.2 ./app                           4
10.9  0.2 ./app                           4
10.9  0.2 ./app                           4
10.9  0.2 ./app                           4
10.9  0.2 ./app                           4
10.8  0.2 ./app                           4
10.8  0.2 ./app                           4
10.8  0.2 ./app                           4
10.8  0.2 ./app                           4
10.8  0.2 ./app                           4
10.8  0.2 ./app                           4
10.8  0.2 ./app                           4
10.8  0.2 ./app                           4
10.8  0.2 ./app                           4
10.8  0.2 ./app                           4
10.8  0.2 ./app                           4
10.8  0.2 ./app                           4
10.8  0.2 ./app                           4
10.8  0.2 ./app                           4
10.8  0.2 ./app                           4
10.8  0.2 ./app                           4
10.8  0.2 ./app                           4
10.8  0.2 ./app                           4
10.8  0.2 ./app                           4
10.8  0.2 ./app                           4
10.8  0.2 ./app                           4
10.8  0.2 ./app                           4
10.8  0.2 ./app                           4
10.8  0.2 ./app                           4
10.8  0.2 ./app                           4
10.8  0.2 ./app                           4
10.8  0.2 ./app                           4
10.8  0.2 ./app                           4
10.8  0.2 ./app                           4
10.8  0.2 ./app                           4
10.8  0.2 ./app                           4
10.8  0.2 ./app                           4
10.8  0.2 ./app                           4
10.8  0.2 ./app                           4
10.8  0.2 ./app                           4
10.8  0.2 ./app                           4
10.8  0.2 ./app                           4
10.8  0.2 ./app                           4
10.8  0.2 ./app                           4
10.8  0.2 ./app                           4
10.8  0.2 ./app                           4
10.8  0.2 ./app                           4
10.8  0.2 ./app                           4
10.8  0.2 ./app                           4
10.8  0.2 ./app                           4
10.8  0.2 ./app                           4
10.8  0.2 ./app                           4
10.8  0.2 ./app                           4
10.8  0.2 ./app                           4
10.8  0.2 ./app                           4
10.8  0.2 ./app                           4
10.7  0.2 ./app                           4
10.7  0.2 ./app                           4
10.7  0.2 ./app                           4
10.7  0.2 ./app                           4
10.7  0.2 ./app                           4
10.7  0.2 ./app                           4
10.7  0.2 ./app                           4
10.7  0.2 ./app                           4
10.7  0.2 ./app                           4
10.7  0.2 ./app                           4
10.7  0.2 ./app                           4
10.7  0.2 ./app                           4
10.7  0.2 ./app                           4
10.7  0.2 ./app                           4
10.7  0.2 ./app                           4
10.7  0.2 ./app                           4
10.7  0.2 ./app                           4
10.7  0.2 ./app                           4
10.7  0.2 ./app                           4
10.7  0.2 ./app                           4
10.7  0.2 ./app                           4
10.7  0.2 ./app                           4
10.7  0.2 ./app                           4
10.7  0.2 ./app                           4
10.7  0.2 ./app                           4
10.7  0.2 ./app                           4
10.7  0.2 ./app                           4
10.7  0.2 ./app                           4
10.8  0.2 ./app                           4
10.8  0.2 ./app                           4
10.8  0.2 ./app                           4
10.8  0.2 ./app                           4
10.8  0.2 ./app                           4
10.8  0.2 ./app                           4
10.8  0.2 ./app                           4
10.8  0.2 ./app                           4
10.8  0.2 ./app                           4
10.8  0.2 ./app                           4
10.8  0.2 ./app                           4
10.8  0.2 ./app                           4
10.8  0.2 ./app                           4
10.8  0.2 ./app                           4
10.7  0.2 ./app                           4
10.7  0.2 ./app                           4
10.7  0.2 ./app                           4
10.7  0.2 ./app                           4
10.7  0.2 ./app                           4
10.7  0.2 ./app                           4
10.7  0.2 ./app                           4
10.7  0.2 ./app                           4
10.7  0.2 ./app                           4
10.7  0.2 ./app                           4
10.8  0.2 ./app                           4
10.8  0.2 ./app                           4
10.8  0.2 ./app                           4
10.8  0.2 ./app                           4
10.8  0.2 ./app                           4
10.8  0.2 ./app                           4
10.8  0.2 ./app                           4
10.8  0.2 ./app                           4
10.8  0.2 ./app                           4
10.8  0.2 ./app                           4
10.8  0.2 ./app                           4
10.8  0.2 ./app                           4
10.8  0.2 ./app                           4
10.8  0.2 ./app                           4
10.8  0.2 ./app                           4
10.8  0.2 ./app                           4
10.8  0.2 ./app                           4
10.8  0.2 ./app                           4
10.8  0.2 ./app                           4
10.8  0.2 ./app                           4
10.8  0.2 ./app                           4
10.8  0.2 ./app                           4
10.8  0.2 ./app                           4
10.8  0.2 ./app                           4
10.8  0.2 ./app                           4
10.8  0.2 ./app                           4
10.8  0.2 ./app                           4
10.8  0.2 ./app                           4
10.8  0.2 ./app                           4
10.8  0.2 ./app                           4
10.8  0.2 ./app                           4
10.7  0.2 ./app                           4
10.7  0.2 ./app                           4
10.7  0.2 ./app                           4
10.7  0.2 ./app                           4
10.7  0.2 ./app                           4
10.7  0.2 ./app                           4
10.7  0.2 ./app                           4
10.7  0.2 ./app                           4
10.7  0.2 ./app                           4
10.7  0.2 ./app                           4
10.7  0.2 ./app                           4
10.7  0.2 ./app                           4
10.7  0.2 ./app                           4
10.7  0.2 ./app                           4
10.7  0.2 ./app                           4
10.7  0.2 ./app                           4
10.7  0.2 ./app                           4
10.7  0.2 ./app                           4
10.7  0.2 ./app                           4
10.7  0.2 ./app                           4
10.7  0.2 ./app                           4
10.7  0.2 ./app                           4
10.7  0.2 ./app                           4
10.7  0.2 ./app                           4
10.7  0.2 ./app                           4
10.7  0.2 ./app                           4
10.7  0.2 ./app                           4
10.7  0.2 ./app                           4
10.7  0.2 ./app                           4
10.7  0.2 ./app                           4
10.7  0.2 ./app                           4
10.7  0.2 ./app                           4
10.7  0.2 ./app                           4
10.7  0.2 ./app                           4
10.7  0.2 ./app                           4
10.7  0.2 ./app                           4
10.7  0.2 ./app                           4
10.7  0.2 ./app                           4
10.7  0.2 ./app                           4
10.7  0.2 ./app                           4
10.7  0.2 ./app                           4
10.7  0.2 ./app                           4
10.7  0.2 ./app                           4
10.7  0.2 ./app                           4
10.7  0.2 ./app                           4
10.7  0.2 ./app                           4
10.7  0.2 ./app                           4
10.7  0.2 ./app                           4
10.7  0.2 ./app                           4
10.7  0.2 ./app                           4
10.7  0.2 ./app                           4
10.7  0.2 ./app                           4
10.7  0.2 ./app                           4
10.7  0.2 ./app                           4
10.7  0.2 ./app                           4
10.7  0.2 ./app                           4
10.7  0.2 ./app                           4
10.7  0.2 ./app                           4
10.7  0.2 ./app                           4
10.7  0.2 ./app                           4
10.7  0.2 ./app                           4
10.7  0.2 ./app                           4
10.7  0.2 ./app                           4
10.7  0.2 ./app                           4
10.7  0.2 ./app                           4
10.7  0.2 ./app                           4
10.7  0.2 ./app                           4
10.7  0.2 ./app                           4
10.7  0.2 ./app                           4
10.7  0.2 ./app                           4
10.7  0.2 ./app                           4
10.7  0.2 ./app                           4
10.7  0.2 ./app                           4
10.7  0.2 ./app                           4
10.7  0.2 ./app                           4
10.7  0.2 ./app                           4
10.7  0.2 ./app                           4
10.7  0.2 ./app                           4
10.7  0.2 ./app                           4
10.7  0.2 ./app                           4
10.7  0.2 ./app                           4
10.7  0.2 ./app                           4
10.7  0.2 ./app                           4
10.7  0.2 ./app                           4
10.7  0.2 ./app                           4
10.7  0.2 ./app                           4
10.7  0.2 ./app                           4
10.7  0.2 ./app                           4
10.7  0.2 ./app                           4
10.7  0.2 ./app                           4
10.7  0.2 ./app                           4
10.7  0.2 ./app                           4
10.7  0.2 ./app                           4
10.7  0.2 ./app                           4
10.7  0.2 ./app                           4
10.7  0.2 ./app                           4
10.7  0.2 ./app                           4
10.7  0.2 ./app                           4
10.7  0.2 ./app                           4
10.7  0.2 ./app                           4
10.7  0.2 ./app                           4
10.7  0.2 ./app                           4
10.7  0.2 ./app                           4
10.7  0.2 ./app                           4
10.7  0.2 ./app                           4
10.7  0.2 ./app                           4
10.7  0.2 ./app                           4
10.7  0.2 ./app                           4
10.7  0.2 ./app                           4
10.7  0.2 ./app                           4
10.7  0.2 ./app                           4
10.7  0.2 ./app                           4
10.7  0.2 ./app                           4
10.7  0.2 ./app                           4
10.7  0.2 ./app                           4
10.7  0.2 ./app                           4
10.7  0.2 ./app                           4
10.7  0.2 ./app                           4
10.7  0.2 ./app                           4
10.7  0.2 ./app                           4
10.7  0.2 ./app                           4
10.7  0.2 ./app                           4
10.7  0.2 ./app                           4
10.7  0.2 ./app                           4
10.7  0.2 ./app                           4
10.7  0.2 ./app                           4
10.7  0.2 ./app                           4
10.7  0.2 ./app                           4
10.7  0.2 ./app                           4
10.7  0.2 ./app                           4
10.7  0.2 ./app                           4
10.7  0.2 ./app                           4
10.7  0.2 ./app                           4
10.7  0.2 ./app                           4
10.7  0.2 ./app                           4
10.7  0.2 ./app                           4
10.7  0.2 ./app                           4
10.7  0.2 ./app                           4
10.7  0.2 ./app                           4
10.7  0.2 ./app                           4
10.7  0.2 ./app                           4
10.7  0.2 ./app                           4
10.7  0.2 ./app                           4
10.7  0.2 ./app                           4
10.6  0.2 ./app                           4
10.6  0.2 ./app                           4
10.6  0.2 ./app                           4
10.6  0.2 ./app                           4
10.6  0.2 ./app                           4
10.6  0.2 ./app                           4
10.6  0.2 ./app                           4
10.6  0.2 ./app                           4
10.6  0.2 ./app                           4
10.6  0.2 ./app                           4
10.6  0.2 ./app                           4
10.6  0.2 ./app                           4
10.6  0.2 ./app                           4
10.6  0.2 ./app                           4
10.6  0.2 ./app                           4
10.6  0.2 ./app                           4
10.6  0.2 ./app                           4
10.6  0.2 ./app                           4
10.6  0.2 ./app                           4
10.6  0.2 ./app                           4
10.6  0.2 ./app                           4
10.6  0.2 ./app                           4
10.6  0.2 ./app                           4
10.6  0.2 ./app                           4
10.6  0.2 ./app                           4
10.6  0.2 ./app                           4
10.6  0.2 ./app                           4
10.6  0.2 ./app                           4
